81 -39
68 59
10 -53
64 85
59 -88
-91 -99
86 -23
90 3
-24 14
51 62
-65 -80
-76 59
-21 79
81 41
58 -79
-11 23
67 -74
-8 91
-31 29
77 38
40 77
50 68
66 -52
79 5
-99 -75
57 -72
-4 89
69 -80
-47 95
-57 25
-28 -77
-98 -57
34 -45
-57 -64
-47 71
65 23
-89 93
79 -88
-32 25
-9 -43
94 -39
100 -87
3 -90
-22 -58
65 -52
1 -75
47 2
-82 1
-62 74
1 -75
-30 -63
96 25
10 85
69 30
-56 8
-19 -80
52 -93
35 -14
14 -14
-30 -58
-99 -21
18 -3
80 -97
-65 7
17 57
24 -73
-68 11
41 -54
71 -19
-52 -29
32 73
83 5
-35 -94
20 87
0 74
-47 -13
-100 -8
-69 49
-75 -47
-90 5
-87 2
-17 93
4 80
46 -85
-40 -96
23 11
63 -7
-97 -33
-39 22
52 -37
-97 -46
67 98
68 35
-95 67
-85 76
93 -82
-88 -62
56 93
66 50
-97 90
