-38500 72709
-99991 -87649
-100000 96150
-99995 -66854
100000 -89353
-95246 -99992
97096 99974
-99889 97346
-99305 99919
99745 -99190
161 99999
-99733 98860
-99713 96372
99921 -89785
98807 -99918
99553 99435
-100000 -16441
-48868 99998
99995 -97599
-100000 47358
-99960 -99378
99999 73827
99547 -99386
-19932 -99998
-91916 99946
99997 99046
98776 99726
-75609 99990
-99797 -99822
99482 99349
38177 99999
90123 -99973
-99992 72009
99889 -98834
87099 -99983
-99996 -57876
100000 7760
-96916 99929
99739 -89599
45848 -99998
-98070 -99918
91516 99995
99269 99102